Iterations: 50000
CenterX: -0.7624690652649371
CenterY: 0.08818586216630613
Height : 0.00994945488991761
